0, 0, 3.15, 
0, 0, 3.15, 
0, 0, 3.15, 
0, 0, 3.15, 
0.8, 0, 3.15, 
0.8, -0.45, 3.15, 
0.45, -0.8, 3.15, 
0, -0.8, 3.15, 
0, 0, 2.85, 
0, 0, 2.85, 
0, 0, 2.85, 
0, 0, 2.85, 
0.2, 0, 2.7, 
0.2, -0.112, 2.7, 
0.112, -0.2, 2.7, 
0, -0.2, 2.7, 

0, 0, 3.15, 
0, 0, 3.15, 
0, 0, 3.15, 
0, 0, 3.15, 
0, -0.8, 3.15, 
-0.45, -0.8, 3.15, 
-0.8, -0.45, 3.15, 
-0.8, 0, 3.15, 
0, 0, 2.85, 
0, 0, 2.85, 
0, 0, 2.85, 
0, 0, 2.85, 
0, -0.2, 2.7, 
-0.112, -0.2, 2.7, 
-0.2, -0.112, 2.7, 
-0.2, 0, 2.7, 

0, 0, 3.15, 
0, 0, 3.15, 
0, 0, 3.15, 
0, 0, 3.15, 
-0.8, 0, 3.15, 
-0.8, 0.45, 3.15, 
-0.45, 0.8, 3.15, 
0, 0.8, 3.15, 
0, 0, 2.85, 
0, 0, 2.85, 
0, 0, 2.85, 
0, 0, 2.85, 
-0.2, 0, 2.7, 
-0.2, 0.112, 2.7, 
-0.112, 0.2, 2.7, 
0, 0.2, 2.7, 

0, 0, 3.15, 
0, 0, 3.15, 
0, 0, 3.15, 
0, 0, 3.15, 
0, 0.8, 3.15, 
0.45, 0.8, 3.15, 
0.8, 0.45, 3.15, 
0.8, 0, 3.15, 
0, 0, 2.85, 
0, 0, 2.85, 
0, 0, 2.85, 
0, 0, 2.85, 
0, 0.2, 2.7, 
0.112, 0.2, 2.7, 
0.2, 0.112, 2.7, 
0.2, 0, 2.7, 

0, 0, 0, 
0, 0, 0, 
0, 0, 0, 
0, 0, 0, 
1.425, 0, 0, 
1.425, 0.798, 0, 
0.798, 1.425, 0, 
0, 1.425, 0, 
1.5, 0, 0.075, 
1.5, 0.84, 0.075, 
0.84, 1.5, 0.075, 
0, 1.5, 0.075, 
1.5, 0, 0.15, 
1.5, 0.84, 0.15, 
0.84, 1.5, 0.15, 
0, 1.5, 0.15, 

0, 0, 0, 
0, 0, 0, 
0, 0, 0, 
0, 0, 0, 
0, 1.425, 0, 
-0.798, 1.425, 0, 
-1.425, 0.798, 0, 
-1.425, 0, 0, 
0, 1.5, 0.075, 
-0.84, 1.5, 0.075, 
-1.5, 0.84, 0.075, 
-1.5, 0, 0.075, 
0, 1.5, 0.15, 
-0.84, 1.5, 0.15, 
-1.5, 0.84, 0.15, 
-1.5, 0, 0.15, 

0, 0, 0, 
0, 0, 0, 
0, 0, 0, 
0, 0, 0, 
-1.425, 0, 0, 
-1.425, -0.798, 0, 
-0.798, -1.425, 0, 
0, -1.425, 0, 
-1.5, 0, 0.075, 
-1.5, -0.84, 0.075, 
-0.84, -1.5, 0.075, 
0, -1.5, 0.075, 
-1.5, 0, 0.15, 
-1.5, -0.84, 0.15, 
-0.84, -1.5, 0.15, 
0, -1.5, 0.15, 

0, 0, 0, 
0, 0, 0, 
0, 0, 0, 
0, 0, 0, 
0, -1.425, 0, 
0.798, -1.425, 0, 
1.425, -0.798, 0, 
1.425, 0, 0, 
0, -1.5, 0.075, 
0.84, -1.5, 0.075, 
1.5, -0.84, 0.075, 
1.5, 0, 0.075, 
0, -1.5, 0.15, 
0.84, -1.5, 0.15, 
1.5, -0.84, 0.15, 
1.5, 0, 0.15, 

1.4, 0, 2.4, 
1.4, -0.784, 2.4, 
0.784, -1.4, 2.4, 
0, -1.4, 2.4, 
1.3375, 0, 2.53125, 
1.3375, -0.749, 2.53125, 
0.749, -1.3375, 2.53125, 
0, -1.3375, 2.53125, 
1.4375, 0, 2.53125, 
1.4375, -0.805, 2.53125, 
0.805, -1.4375, 2.53125, 
0, -1.4375, 2.53125, 
1.5, 0, 2.4, 
1.5, -0.84, 2.4, 
0.84, -1.5, 2.4, 
0, -1.5, 2.4, 

0, -1.4, 2.4, 
-0.784, -1.4, 2.4, 
-1.4, -0.784, 2.4, 
-1.4, 0, 2.4, 
0, -1.3375, 2.53125, 
-0.749, -1.3375, 2.53125, 
-1.3375, -0.749, 2.53125, 
-1.3375, 0, 2.53125, 
0, -1.4375, 2.53125, 
-0.805, -1.4375, 2.53125, 
-1.4375, -0.805, 2.53125, 
-1.4375, 0, 2.53125, 
0, -1.5, 2.4, 
-0.84, -1.5, 2.4, 
-1.5, -0.84, 2.4, 
-1.5, 0, 2.4, 

-1.4, 0, 2.4, 
-1.4, 0.784, 2.4, 
-0.784, 1.4, 2.4, 
0, 1.4, 2.4, 
-1.3375, 0, 2.53125, 
-1.3375, 0.749, 2.53125, 
-0.749, 1.3375, 2.53125, 
0, 1.3375, 2.53125, 
-1.4375, 0, 2.53125, 
-1.4375, 0.805, 2.53125, 
-0.805, 1.4375, 2.53125, 
0, 1.4375, 2.53125, 
-1.5, 0, 2.4, 
-1.5, 0.84, 2.4, 
-0.84, 1.5, 2.4, 
0, 1.5, 2.4, 

0, 1.4, 2.4, 
0.784, 1.4, 2.4, 
1.4, 0.784, 2.4, 
1.4, 0, 2.4, 
0, 1.3375, 2.53125, 
0.749, 1.3375, 2.53125, 
1.3375, 0.749, 2.53125, 
1.3375, 0, 2.53125, 
0, 1.4375, 2.53125, 
0.805, 1.4375, 2.53125, 
1.4375, 0.805, 2.53125, 
1.4375, 0, 2.53125, 
0, 1.5, 2.4, 
0.84, 1.5, 2.4, 
1.5, 0.84, 2.4, 
1.5, 0, 2.4, 

1.5, 0, 2.4, 
1.5, -0.84, 2.4, 
0.84, -1.5, 2.4, 
0, -1.5, 2.4, 
1.75, 0, 1.875, 
1.75, -0.98, 1.875, 
0.98, -1.75, 1.875, 
0, -1.75, 1.875, 
2, 0, 1.35, 
2, -1.12, 1.35, 
1.12, -2, 1.35, 
0, -2, 1.35, 
2, 0, 0.9, 
2, -1.12, 0.9, 
1.12, -2, 0.9, 
0, -2, 0.9, 

0, -1.5, 2.4, 
-0.84, -1.5, 2.4, 
-1.5, -0.84, 2.4, 
-1.5, 0, 2.4, 
0, -1.75, 1.875, 
-0.98, -1.75, 1.875, 
-1.75, -0.98, 1.875, 
-1.75, 0, 1.875, 
0, -2, 1.35, 
-1.12, -2, 1.35, 
-2, -1.12, 1.35, 
-2, 0, 1.35, 
0, -2, 0.9, 
-1.12, -2, 0.9, 
-2, -1.12, 0.9, 
-2, 0, 0.9, 

-1.5, 0, 2.4, 
-1.5, 0.84, 2.4, 
-0.84, 1.5, 2.4, 
0, 1.5, 2.4, 
-1.75, 0, 1.875, 
-1.75, 0.98, 1.875, 
-0.98, 1.75, 1.875, 
0, 1.75, 1.875, 
-2, 0, 1.35, 
-2, 1.12, 1.35, 
-1.12, 2, 1.35, 
0, 2, 1.35, 
-2, 0, 0.9, 
-2, 1.12, 0.9, 
-1.12, 2, 0.9, 
0, 2, 0.9, 

0, 1.5, 2.4, 
0.84, 1.5, 2.4, 
1.5, 0.84, 2.4, 
1.5, 0, 2.4, 
0, 1.75, 1.875, 
0.98, 1.75, 1.875, 
1.75, 0.98, 1.875, 
1.75, 0, 1.875, 
0, 2, 1.35, 
1.12, 2, 1.35, 
2, 1.12, 1.35, 
2, 0, 1.35, 
0, 2, 0.9, 
1.12, 2, 0.9, 
2, 1.12, 0.9, 
2, 0, 0.9, 

2, 0, 0.9, 
2, -1.12, 0.9, 
1.12, -2, 0.9, 
0, -2, 0.9, 
2, 0, 0.45, 
2, -1.12, 0.45, 
1.12, -2, 0.45, 
0, -2, 0.45, 
1.5, 0, 0.225, 
1.5, -0.84, 0.225, 
0.84, -1.5, 0.225, 
0, -1.5, 0.225, 
1.5, 0, 0.15, 
1.5, -0.84, 0.15, 
0.84, -1.5, 0.15, 
0, -1.5, 0.15, 

0, -2, 0.9, 
-1.12, -2, 0.9, 
-2, -1.12, 0.9, 
-2, 0, 0.9, 
0, -2, 0.45, 
-1.12, -2, 0.45, 
-2, -1.12, 0.45, 
-2, 0, 0.45, 
0, -1.5, 0.225, 
-0.84, -1.5, 0.225, 
-1.5, -0.84, 0.225, 
-1.5, 0, 0.225, 
0, -1.5, 0.15, 
-0.84, -1.5, 0.15, 
-1.5, -0.84, 0.15, 
-1.5, 0, 0.15, 

-2, 0, 0.9, 
-2, 1.12, 0.9, 
-1.12, 2, 0.9, 
0, 2, 0.9, 
-2, 0, 0.45, 
-2, 1.12, 0.45, 
-1.12, 2, 0.45, 
0, 2, 0.45, 
-1.5, 0, 0.225, 
-1.5, 0.84, 0.225, 
-0.84, 1.5, 0.225, 
0, 1.5, 0.225, 
-1.5, 0, 0.15, 
-1.5, 0.84, 0.15, 
-0.84, 1.5, 0.15, 
0, 1.5, 0.15, 

0, 2, 0.9, 
1.12, 2, 0.9, 
2, 1.12, 0.9, 
2, 0, 0.9, 
0, 2, 0.45, 
1.12, 2, 0.45, 
2, 1.12, 0.45, 
2, 0, 0.45, 
0, 1.5, 0.225, 
0.84, 1.5, 0.225, 
1.5, 0.84, 0.225, 
1.5, 0, 0.225, 
0, 1.5, 0.15, 
0.84, 1.5, 0.15, 
1.5, 0.84, 0.15, 
1.5, 0, 0.15, 

-1.6, 0, 2.025, 
-1.6, -0.3, 2.025, 
-1.5, -0.3, 2.25, 
-1.5, 0, 2.25, 
-2.3, 0, 2.025, 
-2.3, -0.3, 2.025, 
-2.5, -0.3, 2.25, 
-2.5, 0, 2.25, 
-2.7, 0, 2.025, 
-2.7, -0.3, 2.025, 
-3, -0.3, 2.25, 
-3, 0, 2.25, 
-2.7, 0, 1.8, 
-2.7, -0.3, 1.8, 
-3, -0.3, 1.8, 
-3, 0, 1.8, 

-1.5, 0, 2.25, 
-1.5, 0.3, 2.25, 
-1.6, 0.3, 2.025, 
-1.6, 0, 2.025, 
-2.5, 0, 2.25, 
-2.5, 0.3, 2.25, 
-2.3, 0.3, 2.025, 
-2.3, 0, 2.025, 
-3, 0, 2.25, 
-3, 0.3, 2.25, 
-2.7, 0.3, 2.025, 
-2.7, 0, 2.025, 
-3, 0, 1.8, 
-3, 0.3, 1.8, 
-2.7, 0.3, 1.8, 
-2.7, 0, 1.8, 

-2.7, 0, 1.8, 
-2.7, -0.3, 1.8, 
-3, -0.3, 1.8, 
-3, 0, 1.8, 
-2.7, 0, 1.575, 
-2.7, -0.3, 1.575, 
-3, -0.3, 1.35, 
-3, 0, 1.35, 
-2.5, 0, 1.125, 
-2.5, -0.3, 1.125, 
-2.65, -0.3, 0.9375, 
-2.65, 0, 0.9375, 
-2, 0, 0.9, 
-2, -0.3, 0.9, 
-1.9, -0.3, 0.6, 
-1.9, 0, 0.6, 

-3, 0, 1.8, 
-3, 0.3, 1.8, 
-2.7, 0.3, 1.8, 
-2.7, 0, 1.8, 
-3, 0, 1.35, 
-3, 0.3, 1.35, 
-2.7, 0.3, 1.575, 
-2.7, 0, 1.575, 
-2.65, 0, 0.9375, 
-2.65, 0.3, 0.9375, 
-2.5, 0.3, 1.125, 
-2.5, 0, 1.125, 
-1.9, 0, 0.6, 
-1.9, 0.3, 0.6, 
-2, 0.3, 0.9, 
-2, 0, 0.9, 

1.7, 0, 1.425, 
1.7, -0.66, 1.425, 
1.7, -0.66, 0.6, 
1.7, 0, 0.6, 
2.6, 0, 1.425, 
2.6, -0.66, 1.425, 
3.1, -0.66, 0.825, 
3.1, 0, 0.825, 
2.3, 0, 2.1, 
2.3, -0.25, 2.1, 
2.4, -0.25, 2.025, 
2.4, 0, 2.025, 
2.7, 0, 2.4, 
2.7, -0.25, 2.4, 
3.3, -0.25, 2.4, 
3.3, 0, 2.4, 

1.7, 0, 0.6, 
1.7, 0.66, 0.6, 
1.7, 0.66, 1.425, 
1.7, 0, 1.425, 
3.1, 0, 0.825, 
3.1, 0.66, 0.825, 
2.6, 0.66, 1.425, 
2.6, 0, 1.425, 
2.4, 0, 2.025, 
2.4, 0.25, 2.025, 
2.3, 0.25, 2.1, 
2.3, 0, 2.1, 
3.3, 0, 2.4, 
3.3, 0.25, 2.4, 
2.7, 0.25, 2.4, 
2.7, 0, 2.4, 

2.7, 0, 2.4, 
2.7, -0.25, 2.4, 
3.3, -0.25, 2.4, 
3.3, 0, 2.4, 
2.8, 0, 2.475, 
2.8, -0.25, 2.475, 
3.525, -0.25, 2.49375, 
3.525, 0, 2.49375, 
2.9, 0, 2.475, 
2.9, -0.15, 2.475, 
3.45, -0.15, 2.5125, 
3.45, 0, 2.5125, 
2.8, 0, 2.4, 
2.8, -0.15, 2.4, 
3.2, -0.15, 2.4, 
3.2, 0, 2.4, 

3.3, 0, 2.4, 
3.3, 0.25, 2.4, 
2.7, 0.25, 2.4, 
2.7, 0, 2.4, 
3.525, 0, 2.49375, 
3.525, 0.25, 2.49375, 
2.8, 0.25, 2.475, 
2.8, 0, 2.475, 
3.45, 0, 2.5125, 
3.45, 0.15, 2.5125, 
2.9, 0.15, 2.475, 
2.9, 0, 2.475, 
3.2, 0, 2.4, 
3.2, 0.15, 2.4, 
2.8, 0.15, 2.4, 
2.8, 0, 2.4, 

0.2, 0, 2.7, 
0.2, -0.112, 2.7, 
0.112, -0.2, 2.7, 
0, -0.2, 2.7, 
0.4, 0, 2.55, 
0.4, -0.224, 2.55, 
0.224, -0.4, 2.55, 
0, -0.4, 2.55, 
1.3, 0, 2.55, 
1.3, -0.728, 2.55, 
0.728, -1.3, 2.55, 
0, -1.3, 2.55, 
1.3, 0, 2.4, 
1.3, -0.728, 2.4, 
0.728, -1.3, 2.4, 
0, -1.3, 2.4, 

0, -0.2, 2.7, 
-0.112, -0.2, 2.7, 
-0.2, -0.112, 2.7, 
-0.2, 0, 2.7, 
0, -0.4, 2.55, 
-0.224, -0.4, 2.55, 
-0.4, -0.224, 2.55, 
-0.4, 0, 2.55, 
0, -1.3, 2.55, 
-0.728, -1.3, 2.55, 
-1.3, -0.728, 2.55, 
-1.3, 0, 2.55, 
0, -1.3, 2.4, 
-0.728, -1.3, 2.4, 
-1.3, -0.728, 2.4, 
-1.3, 0, 2.4, 

-0.2, 0, 2.7, 
-0.2, 0.112, 2.7, 
-0.112, 0.2, 2.7, 
0, 0.2, 2.7, 
-0.4, 0, 2.55, 
-0.4, 0.224, 2.55, 
-0.224, 0.4, 2.55, 
0, 0.4, 2.55, 
-1.3, 0, 2.55, 
-1.3, 0.728, 2.55, 
-0.728, 1.3, 2.55, 
0, 1.3, 2.55, 
-1.3, 0, 2.4, 
-1.3, 0.728, 2.4, 
-0.728, 1.3, 2.4, 
0, 1.3, 2.4, 

0, 0.2, 2.7, 
0.112, 0.2, 2.7, 
0.2, 0.112, 2.7, 
0.2, 0, 2.7, 
0, 0.4, 2.55, 
0.224, 0.4, 2.55, 
0.4, 0.224, 2.55, 
0.4, 0, 2.55, 
0, 1.3, 2.55, 
0.728, 1.3, 2.55, 
1.3, 0.728, 2.55, 
1.3, 0, 2.55, 
0, 1.3, 2.4, 
0.728, 1.3, 2.4, 
1.3, 0.728, 2.4, 
1.3, 0, 2.4, 

1.3, 0, 2.4, 
1.3, -0.728, 2.4, 
0.728, -1.3, 2.4, 
0, -1.3, 2.4, 
1.33333, 0, 2.4, 
1.33333, -0.746667, 2.4, 
0.746667, -1.33333, 2.4, 
0, -1.33333, 2.4, 
1.36667, 0, 2.4, 
1.33667, -0.765333, 2.4, 
0.765333, -1.33667, 2.4, 
0, -1.36667, 2.4, 
1.4, 0, 2.4, 
1.4, -0.784, 2.4, 
0.784, -1.4, 2.4, 
0, -1.4, 2.4, 

0, -1.3, 2.4, 
-0.728, -1.3, 2.4, 
-1.3, -0.728, 2.4, 
-1.3, 0, 2.4, 
0, -1.33333, 2.4, 
-0.746667, -1.33333, 2.4, 
-1.33333, -0.746667, 2.4, 
-1.33333, 0, 2.4, 
0, -1.36667, 2.4, 
-0.765333, -1.33667, 2.4, 
-1.33667, -0.765333, 2.4, 
-1.36667, 0, 2.4, 
0, -1.4, 2.4, 
-0.784, -1.4, 2.4, 
-1.4, -0.784, 2.4, 
-1.4, 0, 2.4, 

-1.3, 0, 2.4, 
-1.3, 0.728, 2.4, 
-0.728, 1.3, 2.4, 
0, 1.3, 2.4, 
-1.33333, 0, 2.4, 
-1.33333, 0.746667, 2.4, 
-0.746667, 1.33333, 2.4, 
0, 1.33333, 2.4, 
-1.36667, 0, 2.4, 
-1.33667, 0.765333, 2.4, 
-0.765333, 1.33667, 2.4, 
0, 1.36667, 2.4, 
-1.4, 0, 2.4, 
-1.4, 0.784, 2.4, 
-0.784, 1.4, 2.4, 
0, 1.4, 2.4, 

0, 1.3, 2.4, 
0.728, 1.3, 2.4, 
1.3, 0.728, 2.4, 
1.3, 0, 2.4, 
0, 1.33333, 2.4, 
0.746667, 1.33333, 2.4, 
1.33333, 0.746667, 2.4, 
1.33333, 0, 2.4, 
0, 1.36667, 2.4, 
0.765333, 1.33667, 2.4, 
1.33667, 0.765333, 2.4, 
1.36667, 0, 2.4, 
0, 1.4, 2.4, 
0.784, 1.4, 2.4, 
1.4, 0.784, 2.4, 
1.4, 0, 2.4, 

p = 0
p = 1
p = 2
p = 3
p = 4
p = 5
p = 6
p = 7
p = 8
p = 9
p = 10
p = 11
p = 12
p = 13
p = 14
p = 15
p = 16
p = 17
p = 18
p = 19
p = 20
p = 21
p = 22
p = 23
p = 24
p = 25
p = 26
p = 27
p = 28
p = 29
p = 30
p = 31
p = 32
p = 33
p = 34
p = 35
